{
 "cells": [
  {
   "cell_type": "code",
   "execution_count": 1,
   "metadata": {},
   "outputs": [],
   "source": [
    "import os\n",
    "import pandas as pd\n",
    "import empyrical as empy\n",
    "\n",
    "import matplotlib.pyplot as plt\n",
    "\n",
    "import warnings\n",
    "warnings.filterwarnings(\"ignore\")"
   ]
  },
  {
   "cell_type": "code",
   "execution_count": 2,
   "metadata": {},
   "outputs": [],
   "source": [
    "def show_cum_ret(ret):\n",
    "    fig, ax = plt.subplots(figsize=(20,10))\n",
    "    cm = plt.get_cmap('gist_rainbow')\n",
    "    NUM_COLORS = ret.shape[1]\n",
    "    ax.set_prop_cycle(color=[cm(1.*i/NUM_COLORS) for i in range(NUM_COLORS)])\n",
    "\n",
    "    (1+ret).cumprod().plot(ax=ax)\n",
    "\n",
    "    ax.legend(loc='center left', bbox_to_anchor=(1, 0.5))\n",
    "    ax.set_yscale(\"log\")\n",
    "    plt.show()\n",
    "\n",
    "def drawdown_from_price(price):\n",
    "    if isinstance(price, pd.Series):\n",
    "        return _drawdown_from_price(price)\n",
    "    elif isinstance(price, pd.DataFrame):\n",
    "        return price.apply(_drawdown_from_price)\n",
    "    else:\n",
    "        raise non_pd_error\n",
    "\n",
    "def _drawdown_from_price(price):\n",
    "    shift_max = price.copy()\n",
    "    _max = price.iloc[0]\n",
    "    for i, j in price.items():\n",
    "        #print('i', i)\n",
    "        #print('j', j)\n",
    "        _max = max(_max, j)\n",
    "        shift_max[i] = _max\n",
    "    return price / shift_max - 1\n",
    "\n",
    "def return_to_price(ret, ini=100):\n",
    "    price_0 = ret.dropna().iloc[:1] * 0 + ini\n",
    "    price_0.index = [0]\n",
    "    price = (1+ret).cumprod() * ini\n",
    "    return pd.concat([price_0, price])\n",
    "\n",
    "def drawdown_from_return(ret, ini=100):\n",
    "    price = return_to_price(ret, ini)\n",
    "    return drawdown_from_price(price).iloc[1:]\n",
    "\n",
    "def avg_drawdown(ret):\n",
    "    dd = drawdown_from_return(ret)\n",
    "    return dd.mean()\n",
    "\n",
    "def empy_metric(ret):\n",
    "    if isinstance(ret, pd.DataFrame):\n",
    "        return ret.apply(empy_metric).T\n",
    "    total_return = lambda x: (1+x).prod()-1\n",
    "    met_func = [\n",
    "        total_return, \n",
    "        lambda x: empy.annual_return(x), \n",
    "        lambda x: empy.sharpe_ratio(x), \n",
    "        lambda x: empy.annual_volatility(x), \n",
    "        lambda x: empy.max_drawdown(x), \n",
    "        avg_drawdown]\n",
    "    \n",
    "    met_func_names = ['total_return', 'annual_return', 'sharpe_ratio', 'annual_volatility', \n",
    "                      'max_drawdown', 'avg_drawdown',]\n",
    "    \n",
    "    se = pd.Series([f(ret) for f in met_func], met_func_names)\n",
    "    \n",
    "    se['return/maxdd'] = -se.annual_return/se.max_drawdown\n",
    "    se['return/avgdd'] = -se.annual_return/se.avg_drawdown\n",
    "    \n",
    "    #buy01 = ret.apply(lambda x: 0 if x==0 else 1)\n",
    "    #se['buy_ratio'] = buy01.mean()\n",
    "    #se['flip_ratio'] = (buy01-buy01.shift()).abs().mean()\n",
    "    \n",
    "    return se\n",
    "\n",
    "def calculation_score(df):\n",
    "    df['Sharpe Score'] = df['sharpe_ratio'].apply(lambda x: x if x>0 else 0) * 100\n",
    "    df['Return Score'] = df['annual_return'].apply(lambda x: 1+x/2) * 100\n",
    "    df['Max-DD Score'] = df['max_drawdown'].apply(lambda x: 1+x) * 100\n",
    "    df['Avg-DD Score'] = df['avg_drawdown'].apply(lambda x: 1+x) * 100\n",
    "    client_weight = {'sharpe_ratio':1,'annual_return':1, 'max_drawdown':1, 'avg_drawdown':1}\n",
    "    df['Total Score'] = 0\n",
    "    for score, weight in client_weight.items():\n",
    "        df['Total Score'] += weight * df[score]\n",
    "    df.index.name = 'case'\n",
    "    return df"
   ]
  },
  {
   "cell_type": "code",
   "execution_count": 3,
   "metadata": {},
   "outputs": [],
   "source": [
    "algo_folder = './pc0/pca_result/'\n",
    "algo_name = 'pca'"
   ]
  },
  {
   "cell_type": "code",
   "execution_count": 4,
   "metadata": {},
   "outputs": [],
   "source": [
    "def formatting_casename(casename):\n",
    "    if casename.startswith('Nequities'):\n",
    "        casename = casename.replace('Nequities', 'lb30N')\n",
    "    elif casename.startswith('lb') and 'N' not in casename:\n",
    "        casename = casename + 'N30'\n",
    "    else:\n",
    "        pass\n",
    "\n",
    "    lb = casename.split('lb')"
   ]
  },
  {
   "cell_type": "code",
   "execution_count": 5,
   "metadata": {},
   "outputs": [],
   "source": [
    "algo_price = pd.DataFrame()\n",
    "algo_ratio = {}\n",
    "for f in os.listdir(algo_folder):\n",
    "    if not f.endswith('.csv'):\n",
    "        continue\n",
    "    if not f.startswith(algo_name):\n",
    "        continue\n",
    "\n",
    "    if f.startswith('{}_price'.format(algo_name)):\n",
    "        casename = f.replace('{}_price_'.format(algo_name), \"\").replace('.csv', \"\")\n",
    "        if casename.startswith('benchmark'):\n",
    "            casename = casename.replace('benchmark', 'lb252N30')\n",
    "        elif casename.startswith('Nequities'):\n",
    "            casename = casename.replace('Nequities', 'lb252N')\n",
    "        elif casename.startswith('lb') and 'N' not in casename:\n",
    "            casename = casename + 'N30'\n",
    "\n",
    "        df = pd.read_csv(os.path.join(algo_folder, f), index_col='date')\n",
    "        df.index = pd.to_datetime(df.index).date\n",
    "        df = df.sort_index()\n",
    "        algo_price[casename] = df['adj_close']\n",
    "\n",
    "    elif f.startswith('{}_ratio'.format(algo_name)):\n",
    "        casename = f.replace('{}_ratio_'.format(algo_name), \"\").replace('.csv', \"\")\n",
    "        df = pd.read_csv(os.path.join(algo_folder, f))\n",
    "        df = pd.pivot_table(df, columns='code', index='date', values='ratio')\n",
    "        df.index = pd.to_datetime(df.index).date\n",
    "        df = df.sort_index()\n",
    "        algo_ratio[casename] = df\n",
    "    else:\n",
    "        pass"
   ]
  },
  {
   "cell_type": "code",
   "execution_count": 6,
   "metadata": {},
   "outputs": [],
   "source": [
    "algo_price.to_csv('./algo_price.csv')"
   ]
  },
  {
   "cell_type": "code",
   "execution_count": 11,
   "metadata": {},
   "outputs": [],
   "source": [
    "returns = algo_price.pct_change()"
   ]
  },
  {
   "cell_type": "code",
   "execution_count": 12,
   "metadata": {},
   "outputs": [
    {
     "data": {
      "text/html": [
       "<div>\n",
       "<style scoped>\n",
       "    .dataframe tbody tr th:only-of-type {\n",
       "        vertical-align: middle;\n",
       "    }\n",
       "\n",
       "    .dataframe tbody tr th {\n",
       "        vertical-align: top;\n",
       "    }\n",
       "\n",
       "    .dataframe thead th {\n",
       "        text-align: right;\n",
       "    }\n",
       "</style>\n",
       "<table border=\"1\" class=\"dataframe\">\n",
       "  <thead>\n",
       "    <tr style=\"text-align: right;\">\n",
       "      <th></th>\n",
       "      <th>total_return</th>\n",
       "      <th>annual_return</th>\n",
       "      <th>sharpe_ratio</th>\n",
       "      <th>annual_volatility</th>\n",
       "      <th>max_drawdown</th>\n",
       "      <th>avg_drawdown</th>\n",
       "      <th>return/maxdd</th>\n",
       "      <th>return/avgdd</th>\n",
       "      <th>Sharpe Score</th>\n",
       "      <th>Return Score</th>\n",
       "      <th>Max-DD Score</th>\n",
       "      <th>Avg-DD Score</th>\n",
       "      <th>Total Score</th>\n",
       "    </tr>\n",
       "    <tr>\n",
       "      <th>case</th>\n",
       "      <th></th>\n",
       "      <th></th>\n",
       "      <th></th>\n",
       "      <th></th>\n",
       "      <th></th>\n",
       "      <th></th>\n",
       "      <th></th>\n",
       "      <th></th>\n",
       "      <th></th>\n",
       "      <th></th>\n",
       "      <th></th>\n",
       "      <th></th>\n",
       "      <th></th>\n",
       "    </tr>\n",
       "  </thead>\n",
       "  <tbody>\n",
       "    <tr>\n",
       "      <th>lb126N30</th>\n",
       "      <td>4.4719</td>\n",
       "      <td>0.141702</td>\n",
       "      <td>0.695404</td>\n",
       "      <td>0.228209</td>\n",
       "      <td>-0.424083</td>\n",
       "      <td>-0.056477</td>\n",
       "      <td>0.334138</td>\n",
       "      <td>2.509026</td>\n",
       "      <td>69.540412</td>\n",
       "      <td>107.085112</td>\n",
       "      <td>57.591742</td>\n",
       "      <td>94.352300</td>\n",
       "      <td>0.356547</td>\n",
       "    </tr>\n",
       "    <tr>\n",
       "      <th>lb10N30</th>\n",
       "      <td>3.5460</td>\n",
       "      <td>0.125319</td>\n",
       "      <td>0.682460</td>\n",
       "      <td>0.203531</td>\n",
       "      <td>-0.384413</td>\n",
       "      <td>-0.048021</td>\n",
       "      <td>0.326000</td>\n",
       "      <td>2.609686</td>\n",
       "      <td>68.246035</td>\n",
       "      <td>106.265938</td>\n",
       "      <td>61.558704</td>\n",
       "      <td>95.197937</td>\n",
       "      <td>0.375346</td>\n",
       "    </tr>\n",
       "    <tr>\n",
       "      <th>lb10N20</th>\n",
       "      <td>3.6312</td>\n",
       "      <td>0.126949</td>\n",
       "      <td>0.674938</td>\n",
       "      <td>0.209908</td>\n",
       "      <td>-0.400332</td>\n",
       "      <td>-0.051605</td>\n",
       "      <td>0.317110</td>\n",
       "      <td>2.460022</td>\n",
       "      <td>67.493828</td>\n",
       "      <td>106.347458</td>\n",
       "      <td>59.966800</td>\n",
       "      <td>94.839512</td>\n",
       "      <td>0.349951</td>\n",
       "    </tr>\n",
       "    <tr>\n",
       "      <th>lb50N15</th>\n",
       "      <td>4.5246</td>\n",
       "      <td>0.142556</td>\n",
       "      <td>0.668935</td>\n",
       "      <td>0.243939</td>\n",
       "      <td>-0.461583</td>\n",
       "      <td>-0.063053</td>\n",
       "      <td>0.308841</td>\n",
       "      <td>2.260886</td>\n",
       "      <td>66.893541</td>\n",
       "      <td>107.127790</td>\n",
       "      <td>53.841732</td>\n",
       "      <td>93.694694</td>\n",
       "      <td>0.286855</td>\n",
       "    </tr>\n",
       "    <tr>\n",
       "      <th>lb252N10</th>\n",
       "      <td>4.9998</td>\n",
       "      <td>0.149930</td>\n",
       "      <td>0.659172</td>\n",
       "      <td>0.265670</td>\n",
       "      <td>-0.459591</td>\n",
       "      <td>-0.078471</td>\n",
       "      <td>0.326226</td>\n",
       "      <td>1.910654</td>\n",
       "      <td>65.917216</td>\n",
       "      <td>107.496520</td>\n",
       "      <td>54.040881</td>\n",
       "      <td>92.152928</td>\n",
       "      <td>0.271041</td>\n",
       "    </tr>\n",
       "    <tr>\n",
       "      <th>lb252N20</th>\n",
       "      <td>4.3021</td>\n",
       "      <td>0.138900</td>\n",
       "      <td>0.657095</td>\n",
       "      <td>0.243091</td>\n",
       "      <td>-0.442523</td>\n",
       "      <td>-0.061964</td>\n",
       "      <td>0.313881</td>\n",
       "      <td>2.241614</td>\n",
       "      <td>65.709476</td>\n",
       "      <td>106.944977</td>\n",
       "      <td>55.747723</td>\n",
       "      <td>93.803593</td>\n",
       "      <td>0.291507</td>\n",
       "    </tr>\n",
       "    <tr>\n",
       "      <th>lb252N30</th>\n",
       "      <td>3.9480</td>\n",
       "      <td>0.132778</td>\n",
       "      <td>0.656691</td>\n",
       "      <td>0.230517</td>\n",
       "      <td>-0.420268</td>\n",
       "      <td>-0.058840</td>\n",
       "      <td>0.315937</td>\n",
       "      <td>2.256614</td>\n",
       "      <td>65.669096</td>\n",
       "      <td>106.638911</td>\n",
       "      <td>57.973217</td>\n",
       "      <td>94.116042</td>\n",
       "      <td>0.310362</td>\n",
       "    </tr>\n",
       "    <tr>\n",
       "      <th>lb63N30</th>\n",
       "      <td>3.7453</td>\n",
       "      <td>0.129090</td>\n",
       "      <td>0.652132</td>\n",
       "      <td>0.225394</td>\n",
       "      <td>-0.451448</td>\n",
       "      <td>-0.058973</td>\n",
       "      <td>0.285946</td>\n",
       "      <td>2.188967</td>\n",
       "      <td>65.213215</td>\n",
       "      <td>106.454489</td>\n",
       "      <td>54.855228</td>\n",
       "      <td>94.102706</td>\n",
       "      <td>0.270801</td>\n",
       "    </tr>\n",
       "    <tr>\n",
       "      <th>lb252N5</th>\n",
       "      <td>5.0672</td>\n",
       "      <td>0.150932</td>\n",
       "      <td>0.641435</td>\n",
       "      <td>0.280720</td>\n",
       "      <td>-0.488462</td>\n",
       "      <td>-0.085455</td>\n",
       "      <td>0.308995</td>\n",
       "      <td>1.766217</td>\n",
       "      <td>64.143484</td>\n",
       "      <td>107.546622</td>\n",
       "      <td>51.153822</td>\n",
       "      <td>91.454478</td>\n",
       "      <td>0.218450</td>\n",
       "    </tr>\n",
       "    <tr>\n",
       "      <th>lb252N15</th>\n",
       "      <td>4.3089</td>\n",
       "      <td>0.139013</td>\n",
       "      <td>0.640806</td>\n",
       "      <td>0.253432</td>\n",
       "      <td>-0.463567</td>\n",
       "      <td>-0.069101</td>\n",
       "      <td>0.299878</td>\n",
       "      <td>2.011746</td>\n",
       "      <td>64.080630</td>\n",
       "      <td>106.950668</td>\n",
       "      <td>53.643302</td>\n",
       "      <td>93.089915</td>\n",
       "      <td>0.247152</td>\n",
       "    </tr>\n",
       "    <tr>\n",
       "      <th>lb10N10</th>\n",
       "      <td>3.5218</td>\n",
       "      <td>0.124851</td>\n",
       "      <td>0.636780</td>\n",
       "      <td>0.224586</td>\n",
       "      <td>-0.450545</td>\n",
       "      <td>-0.060130</td>\n",
       "      <td>0.277110</td>\n",
       "      <td>2.076353</td>\n",
       "      <td>63.677990</td>\n",
       "      <td>106.242527</td>\n",
       "      <td>54.945545</td>\n",
       "      <td>93.987028</td>\n",
       "      <td>0.250956</td>\n",
       "    </tr>\n",
       "    <tr>\n",
       "      <th>lb50N10</th>\n",
       "      <td>4.2031</td>\n",
       "      <td>0.137227</td>\n",
       "      <td>0.632419</td>\n",
       "      <td>0.254957</td>\n",
       "      <td>-0.466478</td>\n",
       "      <td>-0.068202</td>\n",
       "      <td>0.294177</td>\n",
       "      <td>2.012067</td>\n",
       "      <td>63.241890</td>\n",
       "      <td>106.861352</td>\n",
       "      <td>53.352181</td>\n",
       "      <td>93.179797</td>\n",
       "      <td>0.234966</td>\n",
       "    </tr>\n",
       "    <tr>\n",
       "      <th>lb50N20</th>\n",
       "      <td>3.6644</td>\n",
       "      <td>0.127577</td>\n",
       "      <td>0.628237</td>\n",
       "      <td>0.235499</td>\n",
       "      <td>-0.442876</td>\n",
       "      <td>-0.061637</td>\n",
       "      <td>0.288065</td>\n",
       "      <td>2.069797</td>\n",
       "      <td>62.823664</td>\n",
       "      <td>106.378850</td>\n",
       "      <td>55.712361</td>\n",
       "      <td>93.836256</td>\n",
       "      <td>0.251300</td>\n",
       "    </tr>\n",
       "    <tr>\n",
       "      <th>lb50N30</th>\n",
       "      <td>3.3268</td>\n",
       "      <td>0.120991</td>\n",
       "      <td>0.621498</td>\n",
       "      <td>0.224588</td>\n",
       "      <td>-0.439979</td>\n",
       "      <td>-0.056703</td>\n",
       "      <td>0.274993</td>\n",
       "      <td>2.133784</td>\n",
       "      <td>62.149815</td>\n",
       "      <td>106.049549</td>\n",
       "      <td>56.002094</td>\n",
       "      <td>94.329746</td>\n",
       "      <td>0.245808</td>\n",
       "    </tr>\n",
       "    <tr>\n",
       "      <th>lb10N15</th>\n",
       "      <td>3.1188</td>\n",
       "      <td>0.116693</td>\n",
       "      <td>0.621344</td>\n",
       "      <td>0.215047</td>\n",
       "      <td>-0.423228</td>\n",
       "      <td>-0.058387</td>\n",
       "      <td>0.275722</td>\n",
       "      <td>1.998619</td>\n",
       "      <td>62.134413</td>\n",
       "      <td>105.834658</td>\n",
       "      <td>57.677217</td>\n",
       "      <td>94.161310</td>\n",
       "      <td>0.256423</td>\n",
       "    </tr>\n",
       "    <tr>\n",
       "      <th>lb10N5</th>\n",
       "      <td>3.4263</td>\n",
       "      <td>0.122980</td>\n",
       "      <td>0.604699</td>\n",
       "      <td>0.239557</td>\n",
       "      <td>-0.489858</td>\n",
       "      <td>-0.073423</td>\n",
       "      <td>0.251052</td>\n",
       "      <td>1.674956</td>\n",
       "      <td>60.469902</td>\n",
       "      <td>106.148997</td>\n",
       "      <td>51.014201</td>\n",
       "      <td>92.657722</td>\n",
       "      <td>0.164398</td>\n",
       "    </tr>\n",
       "    <tr>\n",
       "      <th>lb50N5</th>\n",
       "      <td>3.2730</td>\n",
       "      <td>0.119898</td>\n",
       "      <td>0.557289</td>\n",
       "      <td>0.267791</td>\n",
       "      <td>-0.479357</td>\n",
       "      <td>-0.084213</td>\n",
       "      <td>0.250122</td>\n",
       "      <td>1.423751</td>\n",
       "      <td>55.728892</td>\n",
       "      <td>105.994895</td>\n",
       "      <td>52.064263</td>\n",
       "      <td>91.578733</td>\n",
       "      <td>0.113617</td>\n",
       "    </tr>\n",
       "  </tbody>\n",
       "</table>\n",
       "</div>"
      ],
      "text/plain": [
       "          total_return  annual_return  sharpe_ratio  annual_volatility  \\\n",
       "case                                                                     \n",
       "lb126N30        4.4719       0.141702      0.695404           0.228209   \n",
       "lb10N30         3.5460       0.125319      0.682460           0.203531   \n",
       "lb10N20         3.6312       0.126949      0.674938           0.209908   \n",
       "lb50N15         4.5246       0.142556      0.668935           0.243939   \n",
       "lb252N10        4.9998       0.149930      0.659172           0.265670   \n",
       "lb252N20        4.3021       0.138900      0.657095           0.243091   \n",
       "lb252N30        3.9480       0.132778      0.656691           0.230517   \n",
       "lb63N30         3.7453       0.129090      0.652132           0.225394   \n",
       "lb252N5         5.0672       0.150932      0.641435           0.280720   \n",
       "lb252N15        4.3089       0.139013      0.640806           0.253432   \n",
       "lb10N10         3.5218       0.124851      0.636780           0.224586   \n",
       "lb50N10         4.2031       0.137227      0.632419           0.254957   \n",
       "lb50N20         3.6644       0.127577      0.628237           0.235499   \n",
       "lb50N30         3.3268       0.120991      0.621498           0.224588   \n",
       "lb10N15         3.1188       0.116693      0.621344           0.215047   \n",
       "lb10N5          3.4263       0.122980      0.604699           0.239557   \n",
       "lb50N5          3.2730       0.119898      0.557289           0.267791   \n",
       "\n",
       "          max_drawdown  avg_drawdown  return/maxdd  return/avgdd  \\\n",
       "case                                                               \n",
       "lb126N30     -0.424083     -0.056477      0.334138      2.509026   \n",
       "lb10N30      -0.384413     -0.048021      0.326000      2.609686   \n",
       "lb10N20      -0.400332     -0.051605      0.317110      2.460022   \n",
       "lb50N15      -0.461583     -0.063053      0.308841      2.260886   \n",
       "lb252N10     -0.459591     -0.078471      0.326226      1.910654   \n",
       "lb252N20     -0.442523     -0.061964      0.313881      2.241614   \n",
       "lb252N30     -0.420268     -0.058840      0.315937      2.256614   \n",
       "lb63N30      -0.451448     -0.058973      0.285946      2.188967   \n",
       "lb252N5      -0.488462     -0.085455      0.308995      1.766217   \n",
       "lb252N15     -0.463567     -0.069101      0.299878      2.011746   \n",
       "lb10N10      -0.450545     -0.060130      0.277110      2.076353   \n",
       "lb50N10      -0.466478     -0.068202      0.294177      2.012067   \n",
       "lb50N20      -0.442876     -0.061637      0.288065      2.069797   \n",
       "lb50N30      -0.439979     -0.056703      0.274993      2.133784   \n",
       "lb10N15      -0.423228     -0.058387      0.275722      1.998619   \n",
       "lb10N5       -0.489858     -0.073423      0.251052      1.674956   \n",
       "lb50N5       -0.479357     -0.084213      0.250122      1.423751   \n",
       "\n",
       "          Sharpe Score  Return Score  Max-DD Score  Avg-DD Score  Total Score  \n",
       "case                                                                           \n",
       "lb126N30     69.540412    107.085112     57.591742     94.352300     0.356547  \n",
       "lb10N30      68.246035    106.265938     61.558704     95.197937     0.375346  \n",
       "lb10N20      67.493828    106.347458     59.966800     94.839512     0.349951  \n",
       "lb50N15      66.893541    107.127790     53.841732     93.694694     0.286855  \n",
       "lb252N10     65.917216    107.496520     54.040881     92.152928     0.271041  \n",
       "lb252N20     65.709476    106.944977     55.747723     93.803593     0.291507  \n",
       "lb252N30     65.669096    106.638911     57.973217     94.116042     0.310362  \n",
       "lb63N30      65.213215    106.454489     54.855228     94.102706     0.270801  \n",
       "lb252N5      64.143484    107.546622     51.153822     91.454478     0.218450  \n",
       "lb252N15     64.080630    106.950668     53.643302     93.089915     0.247152  \n",
       "lb10N10      63.677990    106.242527     54.945545     93.987028     0.250956  \n",
       "lb50N10      63.241890    106.861352     53.352181     93.179797     0.234966  \n",
       "lb50N20      62.823664    106.378850     55.712361     93.836256     0.251300  \n",
       "lb50N30      62.149815    106.049549     56.002094     94.329746     0.245808  \n",
       "lb10N15      62.134413    105.834658     57.677217     94.161310     0.256423  \n",
       "lb10N5       60.469902    106.148997     51.014201     92.657722     0.164398  \n",
       "lb50N5       55.728892    105.994895     52.064263     91.578733     0.113617  "
      ]
     },
     "metadata": {},
     "output_type": "display_data"
    },
    {
     "data": {
      "text/html": [
       "<div>\n",
       "<style scoped>\n",
       "    .dataframe tbody tr th:only-of-type {\n",
       "        vertical-align: middle;\n",
       "    }\n",
       "\n",
       "    .dataframe tbody tr th {\n",
       "        vertical-align: top;\n",
       "    }\n",
       "\n",
       "    .dataframe thead th {\n",
       "        text-align: right;\n",
       "    }\n",
       "</style>\n",
       "<table border=\"1\" class=\"dataframe\">\n",
       "  <thead>\n",
       "    <tr style=\"text-align: right;\">\n",
       "      <th></th>\n",
       "      <th>total_return</th>\n",
       "      <th>annual_return</th>\n",
       "      <th>sharpe_ratio</th>\n",
       "      <th>annual_volatility</th>\n",
       "      <th>max_drawdown</th>\n",
       "      <th>avg_drawdown</th>\n",
       "      <th>return/maxdd</th>\n",
       "      <th>return/avgdd</th>\n",
       "      <th>Sharpe Score</th>\n",
       "      <th>Return Score</th>\n",
       "      <th>Max-DD Score</th>\n",
       "      <th>Avg-DD Score</th>\n",
       "      <th>Total Score</th>\n",
       "    </tr>\n",
       "    <tr>\n",
       "      <th>case</th>\n",
       "      <th></th>\n",
       "      <th></th>\n",
       "      <th></th>\n",
       "      <th></th>\n",
       "      <th></th>\n",
       "      <th></th>\n",
       "      <th></th>\n",
       "      <th></th>\n",
       "      <th></th>\n",
       "      <th></th>\n",
       "      <th></th>\n",
       "      <th></th>\n",
       "      <th></th>\n",
       "    </tr>\n",
       "  </thead>\n",
       "  <tbody>\n",
       "    <tr>\n",
       "      <th>lb252N5</th>\n",
       "      <td>5.0672</td>\n",
       "      <td>0.150932</td>\n",
       "      <td>0.641435</td>\n",
       "      <td>0.280720</td>\n",
       "      <td>-0.488462</td>\n",
       "      <td>-0.085455</td>\n",
       "      <td>0.308995</td>\n",
       "      <td>1.766217</td>\n",
       "      <td>64.143484</td>\n",
       "      <td>107.546622</td>\n",
       "      <td>51.153822</td>\n",
       "      <td>91.454478</td>\n",
       "      <td>0.218450</td>\n",
       "    </tr>\n",
       "    <tr>\n",
       "      <th>lb252N10</th>\n",
       "      <td>4.9998</td>\n",
       "      <td>0.149930</td>\n",
       "      <td>0.659172</td>\n",
       "      <td>0.265670</td>\n",
       "      <td>-0.459591</td>\n",
       "      <td>-0.078471</td>\n",
       "      <td>0.326226</td>\n",
       "      <td>1.910654</td>\n",
       "      <td>65.917216</td>\n",
       "      <td>107.496520</td>\n",
       "      <td>54.040881</td>\n",
       "      <td>92.152928</td>\n",
       "      <td>0.271041</td>\n",
       "    </tr>\n",
       "    <tr>\n",
       "      <th>lb50N15</th>\n",
       "      <td>4.5246</td>\n",
       "      <td>0.142556</td>\n",
       "      <td>0.668935</td>\n",
       "      <td>0.243939</td>\n",
       "      <td>-0.461583</td>\n",
       "      <td>-0.063053</td>\n",
       "      <td>0.308841</td>\n",
       "      <td>2.260886</td>\n",
       "      <td>66.893541</td>\n",
       "      <td>107.127790</td>\n",
       "      <td>53.841732</td>\n",
       "      <td>93.694694</td>\n",
       "      <td>0.286855</td>\n",
       "    </tr>\n",
       "    <tr>\n",
       "      <th>lb126N30</th>\n",
       "      <td>4.4719</td>\n",
       "      <td>0.141702</td>\n",
       "      <td>0.695404</td>\n",
       "      <td>0.228209</td>\n",
       "      <td>-0.424083</td>\n",
       "      <td>-0.056477</td>\n",
       "      <td>0.334138</td>\n",
       "      <td>2.509026</td>\n",
       "      <td>69.540412</td>\n",
       "      <td>107.085112</td>\n",
       "      <td>57.591742</td>\n",
       "      <td>94.352300</td>\n",
       "      <td>0.356547</td>\n",
       "    </tr>\n",
       "    <tr>\n",
       "      <th>lb252N15</th>\n",
       "      <td>4.3089</td>\n",
       "      <td>0.139013</td>\n",
       "      <td>0.640806</td>\n",
       "      <td>0.253432</td>\n",
       "      <td>-0.463567</td>\n",
       "      <td>-0.069101</td>\n",
       "      <td>0.299878</td>\n",
       "      <td>2.011746</td>\n",
       "      <td>64.080630</td>\n",
       "      <td>106.950668</td>\n",
       "      <td>53.643302</td>\n",
       "      <td>93.089915</td>\n",
       "      <td>0.247152</td>\n",
       "    </tr>\n",
       "    <tr>\n",
       "      <th>lb252N20</th>\n",
       "      <td>4.3021</td>\n",
       "      <td>0.138900</td>\n",
       "      <td>0.657095</td>\n",
       "      <td>0.243091</td>\n",
       "      <td>-0.442523</td>\n",
       "      <td>-0.061964</td>\n",
       "      <td>0.313881</td>\n",
       "      <td>2.241614</td>\n",
       "      <td>65.709476</td>\n",
       "      <td>106.944977</td>\n",
       "      <td>55.747723</td>\n",
       "      <td>93.803593</td>\n",
       "      <td>0.291507</td>\n",
       "    </tr>\n",
       "    <tr>\n",
       "      <th>lb50N10</th>\n",
       "      <td>4.2031</td>\n",
       "      <td>0.137227</td>\n",
       "      <td>0.632419</td>\n",
       "      <td>0.254957</td>\n",
       "      <td>-0.466478</td>\n",
       "      <td>-0.068202</td>\n",
       "      <td>0.294177</td>\n",
       "      <td>2.012067</td>\n",
       "      <td>63.241890</td>\n",
       "      <td>106.861352</td>\n",
       "      <td>53.352181</td>\n",
       "      <td>93.179797</td>\n",
       "      <td>0.234966</td>\n",
       "    </tr>\n",
       "    <tr>\n",
       "      <th>lb252N30</th>\n",
       "      <td>3.9480</td>\n",
       "      <td>0.132778</td>\n",
       "      <td>0.656691</td>\n",
       "      <td>0.230517</td>\n",
       "      <td>-0.420268</td>\n",
       "      <td>-0.058840</td>\n",
       "      <td>0.315937</td>\n",
       "      <td>2.256614</td>\n",
       "      <td>65.669096</td>\n",
       "      <td>106.638911</td>\n",
       "      <td>57.973217</td>\n",
       "      <td>94.116042</td>\n",
       "      <td>0.310362</td>\n",
       "    </tr>\n",
       "    <tr>\n",
       "      <th>lb63N30</th>\n",
       "      <td>3.7453</td>\n",
       "      <td>0.129090</td>\n",
       "      <td>0.652132</td>\n",
       "      <td>0.225394</td>\n",
       "      <td>-0.451448</td>\n",
       "      <td>-0.058973</td>\n",
       "      <td>0.285946</td>\n",
       "      <td>2.188967</td>\n",
       "      <td>65.213215</td>\n",
       "      <td>106.454489</td>\n",
       "      <td>54.855228</td>\n",
       "      <td>94.102706</td>\n",
       "      <td>0.270801</td>\n",
       "    </tr>\n",
       "    <tr>\n",
       "      <th>lb50N20</th>\n",
       "      <td>3.6644</td>\n",
       "      <td>0.127577</td>\n",
       "      <td>0.628237</td>\n",
       "      <td>0.235499</td>\n",
       "      <td>-0.442876</td>\n",
       "      <td>-0.061637</td>\n",
       "      <td>0.288065</td>\n",
       "      <td>2.069797</td>\n",
       "      <td>62.823664</td>\n",
       "      <td>106.378850</td>\n",
       "      <td>55.712361</td>\n",
       "      <td>93.836256</td>\n",
       "      <td>0.251300</td>\n",
       "    </tr>\n",
       "    <tr>\n",
       "      <th>lb10N20</th>\n",
       "      <td>3.6312</td>\n",
       "      <td>0.126949</td>\n",
       "      <td>0.674938</td>\n",
       "      <td>0.209908</td>\n",
       "      <td>-0.400332</td>\n",
       "      <td>-0.051605</td>\n",
       "      <td>0.317110</td>\n",
       "      <td>2.460022</td>\n",
       "      <td>67.493828</td>\n",
       "      <td>106.347458</td>\n",
       "      <td>59.966800</td>\n",
       "      <td>94.839512</td>\n",
       "      <td>0.349951</td>\n",
       "    </tr>\n",
       "    <tr>\n",
       "      <th>lb10N30</th>\n",
       "      <td>3.5460</td>\n",
       "      <td>0.125319</td>\n",
       "      <td>0.682460</td>\n",
       "      <td>0.203531</td>\n",
       "      <td>-0.384413</td>\n",
       "      <td>-0.048021</td>\n",
       "      <td>0.326000</td>\n",
       "      <td>2.609686</td>\n",
       "      <td>68.246035</td>\n",
       "      <td>106.265938</td>\n",
       "      <td>61.558704</td>\n",
       "      <td>95.197937</td>\n",
       "      <td>0.375346</td>\n",
       "    </tr>\n",
       "    <tr>\n",
       "      <th>lb10N10</th>\n",
       "      <td>3.5218</td>\n",
       "      <td>0.124851</td>\n",
       "      <td>0.636780</td>\n",
       "      <td>0.224586</td>\n",
       "      <td>-0.450545</td>\n",
       "      <td>-0.060130</td>\n",
       "      <td>0.277110</td>\n",
       "      <td>2.076353</td>\n",
       "      <td>63.677990</td>\n",
       "      <td>106.242527</td>\n",
       "      <td>54.945545</td>\n",
       "      <td>93.987028</td>\n",
       "      <td>0.250956</td>\n",
       "    </tr>\n",
       "    <tr>\n",
       "      <th>lb10N5</th>\n",
       "      <td>3.4263</td>\n",
       "      <td>0.122980</td>\n",
       "      <td>0.604699</td>\n",
       "      <td>0.239557</td>\n",
       "      <td>-0.489858</td>\n",
       "      <td>-0.073423</td>\n",
       "      <td>0.251052</td>\n",
       "      <td>1.674956</td>\n",
       "      <td>60.469902</td>\n",
       "      <td>106.148997</td>\n",
       "      <td>51.014201</td>\n",
       "      <td>92.657722</td>\n",
       "      <td>0.164398</td>\n",
       "    </tr>\n",
       "    <tr>\n",
       "      <th>lb50N30</th>\n",
       "      <td>3.3268</td>\n",
       "      <td>0.120991</td>\n",
       "      <td>0.621498</td>\n",
       "      <td>0.224588</td>\n",
       "      <td>-0.439979</td>\n",
       "      <td>-0.056703</td>\n",
       "      <td>0.274993</td>\n",
       "      <td>2.133784</td>\n",
       "      <td>62.149815</td>\n",
       "      <td>106.049549</td>\n",
       "      <td>56.002094</td>\n",
       "      <td>94.329746</td>\n",
       "      <td>0.245808</td>\n",
       "    </tr>\n",
       "    <tr>\n",
       "      <th>lb50N5</th>\n",
       "      <td>3.2730</td>\n",
       "      <td>0.119898</td>\n",
       "      <td>0.557289</td>\n",
       "      <td>0.267791</td>\n",
       "      <td>-0.479357</td>\n",
       "      <td>-0.084213</td>\n",
       "      <td>0.250122</td>\n",
       "      <td>1.423751</td>\n",
       "      <td>55.728892</td>\n",
       "      <td>105.994895</td>\n",
       "      <td>52.064263</td>\n",
       "      <td>91.578733</td>\n",
       "      <td>0.113617</td>\n",
       "    </tr>\n",
       "    <tr>\n",
       "      <th>lb10N15</th>\n",
       "      <td>3.1188</td>\n",
       "      <td>0.116693</td>\n",
       "      <td>0.621344</td>\n",
       "      <td>0.215047</td>\n",
       "      <td>-0.423228</td>\n",
       "      <td>-0.058387</td>\n",
       "      <td>0.275722</td>\n",
       "      <td>1.998619</td>\n",
       "      <td>62.134413</td>\n",
       "      <td>105.834658</td>\n",
       "      <td>57.677217</td>\n",
       "      <td>94.161310</td>\n",
       "      <td>0.256423</td>\n",
       "    </tr>\n",
       "  </tbody>\n",
       "</table>\n",
       "</div>"
      ],
      "text/plain": [
       "          total_return  annual_return  sharpe_ratio  annual_volatility  \\\n",
       "case                                                                     \n",
       "lb252N5         5.0672       0.150932      0.641435           0.280720   \n",
       "lb252N10        4.9998       0.149930      0.659172           0.265670   \n",
       "lb50N15         4.5246       0.142556      0.668935           0.243939   \n",
       "lb126N30        4.4719       0.141702      0.695404           0.228209   \n",
       "lb252N15        4.3089       0.139013      0.640806           0.253432   \n",
       "lb252N20        4.3021       0.138900      0.657095           0.243091   \n",
       "lb50N10         4.2031       0.137227      0.632419           0.254957   \n",
       "lb252N30        3.9480       0.132778      0.656691           0.230517   \n",
       "lb63N30         3.7453       0.129090      0.652132           0.225394   \n",
       "lb50N20         3.6644       0.127577      0.628237           0.235499   \n",
       "lb10N20         3.6312       0.126949      0.674938           0.209908   \n",
       "lb10N30         3.5460       0.125319      0.682460           0.203531   \n",
       "lb10N10         3.5218       0.124851      0.636780           0.224586   \n",
       "lb10N5          3.4263       0.122980      0.604699           0.239557   \n",
       "lb50N30         3.3268       0.120991      0.621498           0.224588   \n",
       "lb50N5          3.2730       0.119898      0.557289           0.267791   \n",
       "lb10N15         3.1188       0.116693      0.621344           0.215047   \n",
       "\n",
       "          max_drawdown  avg_drawdown  return/maxdd  return/avgdd  \\\n",
       "case                                                               \n",
       "lb252N5      -0.488462     -0.085455      0.308995      1.766217   \n",
       "lb252N10     -0.459591     -0.078471      0.326226      1.910654   \n",
       "lb50N15      -0.461583     -0.063053      0.308841      2.260886   \n",
       "lb126N30     -0.424083     -0.056477      0.334138      2.509026   \n",
       "lb252N15     -0.463567     -0.069101      0.299878      2.011746   \n",
       "lb252N20     -0.442523     -0.061964      0.313881      2.241614   \n",
       "lb50N10      -0.466478     -0.068202      0.294177      2.012067   \n",
       "lb252N30     -0.420268     -0.058840      0.315937      2.256614   \n",
       "lb63N30      -0.451448     -0.058973      0.285946      2.188967   \n",
       "lb50N20      -0.442876     -0.061637      0.288065      2.069797   \n",
       "lb10N20      -0.400332     -0.051605      0.317110      2.460022   \n",
       "lb10N30      -0.384413     -0.048021      0.326000      2.609686   \n",
       "lb10N10      -0.450545     -0.060130      0.277110      2.076353   \n",
       "lb10N5       -0.489858     -0.073423      0.251052      1.674956   \n",
       "lb50N30      -0.439979     -0.056703      0.274993      2.133784   \n",
       "lb50N5       -0.479357     -0.084213      0.250122      1.423751   \n",
       "lb10N15      -0.423228     -0.058387      0.275722      1.998619   \n",
       "\n",
       "          Sharpe Score  Return Score  Max-DD Score  Avg-DD Score  Total Score  \n",
       "case                                                                           \n",
       "lb252N5      64.143484    107.546622     51.153822     91.454478     0.218450  \n",
       "lb252N10     65.917216    107.496520     54.040881     92.152928     0.271041  \n",
       "lb50N15      66.893541    107.127790     53.841732     93.694694     0.286855  \n",
       "lb126N30     69.540412    107.085112     57.591742     94.352300     0.356547  \n",
       "lb252N15     64.080630    106.950668     53.643302     93.089915     0.247152  \n",
       "lb252N20     65.709476    106.944977     55.747723     93.803593     0.291507  \n",
       "lb50N10      63.241890    106.861352     53.352181     93.179797     0.234966  \n",
       "lb252N30     65.669096    106.638911     57.973217     94.116042     0.310362  \n",
       "lb63N30      65.213215    106.454489     54.855228     94.102706     0.270801  \n",
       "lb50N20      62.823664    106.378850     55.712361     93.836256     0.251300  \n",
       "lb10N20      67.493828    106.347458     59.966800     94.839512     0.349951  \n",
       "lb10N30      68.246035    106.265938     61.558704     95.197937     0.375346  \n",
       "lb10N10      63.677990    106.242527     54.945545     93.987028     0.250956  \n",
       "lb10N5       60.469902    106.148997     51.014201     92.657722     0.164398  \n",
       "lb50N30      62.149815    106.049549     56.002094     94.329746     0.245808  \n",
       "lb50N5       55.728892    105.994895     52.064263     91.578733     0.113617  \n",
       "lb10N15      62.134413    105.834658     57.677217     94.161310     0.256423  "
      ]
     },
     "metadata": {},
     "output_type": "display_data"
    },
    {
     "data": {
      "text/html": [
       "<div>\n",
       "<style scoped>\n",
       "    .dataframe tbody tr th:only-of-type {\n",
       "        vertical-align: middle;\n",
       "    }\n",
       "\n",
       "    .dataframe tbody tr th {\n",
       "        vertical-align: top;\n",
       "    }\n",
       "\n",
       "    .dataframe thead th {\n",
       "        text-align: right;\n",
       "    }\n",
       "</style>\n",
       "<table border=\"1\" class=\"dataframe\">\n",
       "  <thead>\n",
       "    <tr style=\"text-align: right;\">\n",
       "      <th></th>\n",
       "      <th>total_return</th>\n",
       "      <th>annual_return</th>\n",
       "      <th>sharpe_ratio</th>\n",
       "      <th>annual_volatility</th>\n",
       "      <th>max_drawdown</th>\n",
       "      <th>avg_drawdown</th>\n",
       "      <th>return/maxdd</th>\n",
       "      <th>return/avgdd</th>\n",
       "      <th>Sharpe Score</th>\n",
       "      <th>Return Score</th>\n",
       "      <th>Max-DD Score</th>\n",
       "      <th>Avg-DD Score</th>\n",
       "      <th>Total Score</th>\n",
       "    </tr>\n",
       "    <tr>\n",
       "      <th>case</th>\n",
